##CarInfo
ID:Int	Speed:Float	Price:Int	Type:EnumCarType	TestList:Array	Des:String	
ID	速度	价格	类型	测试列表	描述	
1	50.5	100	0	[1, 2, 3, 4]	"警车1"	
2	100.0	200	1	[1, 2, 3, 4, 5]	"救护车1"	
3	90.0	300	2	["a", "阿萨德"]	"消防车1"	
4	50.5	100	0	[1, 2, 3, 4]	"警车1"	
5	100.0	200	1	[1, 2, 3, 4, 5]	"救护车1"	
6	90.0	300	2	["a", "阿萨德"]	"消防车1"	
7	50.5	100	0	[1, 2, 3, 4]	"警车1"	
8	100.0	200	1	[1, 2, 3, 4, 5]	"救护车1"	
9	90.0	300	2	["a", "阿萨德"]	"消防车1"	
10	50.5	100	0	[1, 2, 3, 4]	"警车1"	
11	100.0	200	1	[1, 2, 3, 4, 5]	"救护车1"	
12	90.0	300	2	["a", "阿萨德"]	"消防车1"	
13	50.5	100	0	[1, 2, 3, 4]	"警车1"	
14	100.0	200	1	[1, 2, 3, 4, 5]	"救护车1"	
15	90.0	300	2	["a", "阿萨德"]	"消防车1"	
16	50.5	100	0	[1, 2, 3, 4]	"警车1"	
17	100.0	200	1	[1, 2, 3, 4, 5]	"救护车1"	
18	90.0	300	2	["a", "阿萨德"]	"消防车1"	
19	50.5	100	0	[1, 2, 3, 4]	"警车1"	
20	100.0	200	1	[1, 2, 3, 4, 5]	"救护车1"	
21	90.0	300	2	["a", "阿萨德"]	"消防车1"	
22	50.5	100	0	[1, 2, 3, 4]	"警车1"	
23	100.0	200	1	[1, 2, 3, 4, 5]	"救护车1"	
24	90.0	300	2	["a", "阿萨德"]	"消防车1"	
25	50.5	100	0	[1, 2, 3, 4]	"警车1"	
26	100.0	200	1	[1, 2, 3, 4, 5]	"救护车1"	
27	90.0	300	2	["a", "阿萨德"]	"消防车1"	
28	50.5	100	0	[1, 2, 3, 4]	"警车1"	
29	100.0	200	1	[1, 2, 3, 4, 5]	"救护车1"	
30	90.0	300	2	["a", "阿萨德"]	"消防车1"	
31	50.5	100	0	[1, 2, 3, 4]	"警车1"	
32	100.0	200	1	[1, 2, 3, 4, 5]	"救护车1"	
33	90.0	300	2	["a", "阿萨德"]	"消防车1"	
34	50.5	100	0	[1, 2, 3, 4]	"警车1"	
35	100.0	200	1	[1, 2, 3, 4, 5]	"救护车1"	
36	90.0	300	2	["a", "阿萨德"]	"消防车1"	
37	50.5	100	0	[1, 2, 3, 4]	"警车1"	
38	100.0	200	1	[1, 2, 3, 4, 5]	"救护车1"	
39	90.0	300	2	["a", "阿萨德"]	"消防车1"	
40	50.5	100	0	[1, 2, 3, 4]	"警车1"	
41	100.0	200	1	[1, 2, 3, 4, 5]	"救护车1"	
42	90.0	300	2	["a", "阿萨德"]	"消防车1"	
43	50.5	100	0	[1, 2, 3, 4]	"警车1"	
44	100.0	200	1	[1, 2, 3, 4, 5]	"救护车1"	
45	90.0	300	2	["a", "阿萨德"]	"消防车1"	
46	50.5	100	0	[1, 2, 3, 4]	"警车1"	
47	100.0	200	1	[1, 2, 3, 4, 5]	"救护车1"	
48	90.0	300	2	["a", "阿萨德"]	"消防车1"	
49	50.5	100	0	[1, 2, 3, 4]	"警车1"	
50	100.0	200	1	[1, 2, 3, 4, 5]	"救护车1"	
51	90.0	300	2	["a", "阿萨德"]	"消防车1"	
52	50.5	100	0	[1, 2, 3, 4]	"警车1"	
53	100.0	200	1	[1, 2, 3, 4, 5]	"救护车1"	
54	90.0	300	2	["a", "阿萨德"]	"消防车1"	
55	50.5	100	0	[1, 2, 3, 4]	"警车1"	
56	100.0	200	1	[1, 2, 3, 4, 5]	"救护车1"	
57	90.0	300	2	["a", "阿萨德"]	"消防车1"	
58	50.5	100	0	[1, 2, 3, 4]	"警车1"	
59	100.0	200	1	[1, 2, 3, 4, 5]	"救护车1"	
60	90.0	300	2	["a", "阿萨德"]	"消防车1"	
61	50.5	100	0	[1, 2, 3, 4]	"警车1"	
62	100.0	200	1	[1, 2, 3, 4, 5]	"救护车1"	
63	90.0	300	2	["a", "阿萨德"]	"消防车1"	
64	50.5	100	0	[1, 2, 3, 4]	"警车1"	
65	100.0	200	1	[1, 2, 3, 4, 5]	"救护车1"	
66	90.0	300	2	["a", "阿萨德"]	"消防车1"	
67	50.5	100	0	[1, 2, 3, 4]	"警车1"	
68	100.0	200	1	[1, 2, 3, 4, 5]	"救护车1"	
69	90.0	300	2	["a", "阿萨德"]	"消防车1"	
70	50.5	100	0	[1, 2, 3, 4]	"警车1"	
71	100.0	200	1	[1, 2, 3, 4, 5]	"救护车1"	
72	90.0	300	2	["a", "阿萨德"]	"消防车1"	
73	50.5	100	0	[1, 2, 3, 4]	"警车1"	
74	100.0	200	1	[1, 2, 3, 4, 5]	"救护车1"	
75	90.0	300	2	["a", "阿萨德"]	"消防车1"	
76	50.5	100	0	[1, 2, 3, 4]	"警车1"	
77	100.0	200	1	[1, 2, 3, 4, 5]	"救护车1"	
78	90.0	300	2	["a", "阿萨德"]	"消防车1"	
79	50.5	100	0	[1, 2, 3, 4]	"警车1"	
80	100.0	200	1	[1, 2, 3, 4, 5]	"救护车1"	
81	90.0	300	2	["a", "阿萨德"]	"消防车1"	
82	50.5	100	0	[1, 2, 3, 4]	"警车1"	
83	100.0	200	1	[1, 2, 3, 4, 5]	"救护车1"	
84	90.0	300	2	["a", "阿萨德"]	"消防车1"	
85	50.5	100	0	[1, 2, 3, 4]	"警车1"	
86	100.0	200	1	[1, 2, 3, 4, 5]	"救护车1"	
87	90.0	300	2	["a", "阿萨德"]	"消防车1"	
88	50.5	100	0	[1, 2, 3, 4]	"警车1"	
89	100.0	200	1	[1, 2, 3, 4, 5]	"救护车1"	
90	90.0	300	2	["a", "阿萨德"]	"消防车1"	
91	50.5	100	0	[1, 2, 3, 4]	"警车1"	
92	100.0	200	1	[1, 2, 3, 4, 5]	"救护车1"	
93	90.0	300	2	["a", "阿萨德"]	"消防车1"	
94	50.5	100	0	[1, 2, 3, 4]	"警车1"	
95	100.0	200	1	[1, 2, 3, 4, 5]	"救护车1"	
96	90.0	300	2	["a", "阿萨德"]	"消防车1"	
97	50.5	100	0	[1, 2, 3, 4]	"警车1"	
98	100.0	200	1	[1, 2, 3, 4, 5]	"救护车1"	
99	90.0	300	2	["a", "阿萨德"]	"消防车1"	
100	50.5	100	0	[1, 2, 3, 4]	"警车1"	
101	100.0	200	1	[1, 2, 3, 4, 5]	"救护车1"	
102	90.0	300	2	["a", "阿萨德"]	"消防车1"	
103	50.5	100	0	[1, 2, 3, 4]	"警车1"	
104	100.0	200	1	[1, 2, 3, 4, 5]	"救护车1"	
105	90.0	300	2	["a", "阿萨德"]	"消防车1"	
106	50.5	100	0	[1, 2, 3, 4]	"警车1"	
107	100.0	200	1	[1, 2, 3, 4, 5]	"救护车1"	
108	90.0	300	2	["a", "阿萨德"]	"消防车1"	
109	50.5	100	0	[1, 2, 3, 4]	"警车1"	
110	100.0	200	1	[1, 2, 3, 4, 5]	"救护车1"	
111	90.0	300	2	["a", "阿萨德"]	"消防车1"	
112	50.5	100	0	[1, 2, 3, 4]	"警车1"	
113	100.0	200	1	[1, 2, 3, 4, 5]	"救护车1"	
114	90.0	300	2	["a", "阿萨德"]	"消防车1"	
115	50.5	100	0	[1, 2, 3, 4]	"警车1"	
116	100.0	200	1	[1, 2, 3, 4, 5]	"救护车1"	
117	90.0	300	2	["a", "阿萨德"]	"消防车1"	
118	50.5	100	0	[1, 2, 3, 4]	"警车1"	
119	100.0	200	1	[1, 2, 3, 4, 5]	"救护车1"	
120	90.0	300	2	["a", "阿萨德"]	"消防车1"	
121	50.5	100	0	[1, 2, 3, 4]	"警车1"	
122	100.0	200	1	[1, 2, 3, 4, 5]	"救护车1"	
123	90.0	300	2	["a", "阿萨德"]	"消防车1"	
124	50.5	100	0	[1, 2, 3, 4]	"警车1"	
125	100.0	200	1	[1, 2, 3, 4, 5]	"救护车1"	
126	90.0	300	2	["a", "阿萨德"]	"消防车1"	
127	50.5	100	0	[1, 2, 3, 4]	"警车1"	
128	100.0	200	1	[1, 2, 3, 4, 5]	"救护车1"	
129	90.0	300	2	["a", "阿萨德"]	"消防车1"	
130	50.5	100	0	[1, 2, 3, 4]	"警车1"	
131	100.0	200	1	[1, 2, 3, 4, 5]	"救护车1"	
132	90.0	300	2	["a", "阿萨德"]	"消防车1"	
133	50.5	100	0	[1, 2, 3, 4]	"警车1"	
134	100.0	200	1	[1, 2, 3, 4, 5]	"救护车1"	
135	90.0	300	2	["a", "阿萨德"]	"消防车1"	
136	50.5	100	0	[1, 2, 3, 4]	"警车1"	
137	100.0	200	1	[1, 2, 3, 4, 5]	"救护车1"	
138	90.0	300	2	["a", "阿萨德"]	"消防车1"	
139	50.5	100	0	[1, 2, 3, 4]	"警车1"	
140	100.0	200	1	[1, 2, 3, 4, 5]	"救护车1"	
141	90.0	300	2	["a", "阿萨德"]	"消防车1"	
142	50.5	100	0	[1, 2, 3, 4]	"警车1"	
143	100.0	200	1	[1, 2, 3, 4, 5]	"救护车1"	
144	90.0	300	2	["a", "阿萨德"]	"消防车1"	
145	50.5	100	0	[1, 2, 3, 4]	"警车1"	
146	100.0	200	1	[1, 2, 3, 4, 5]	"救护车1"	
147	90.0	300	2	["a", "阿萨德"]	"消防车1"	
148	50.5	100	0	[1, 2, 3, 4]	"警车1"	
149	100.0	200	1	[1, 2, 3, 4, 5]	"救护车1"	
150	90.0	300	2	["a", "阿萨德"]	"消防车1"	
151	50.5	100	0	[1, 2, 3, 4]	"警车1"	
152	100.0	200	1	[1, 2, 3, 4, 5]	"救护车1"	
153	90.0	300	2	["a", "阿萨德"]	"消防车1"	
154	50.5	100	0	[1, 2, 3, 4]	"警车1"	
155	100.0	200	1	[1, 2, 3, 4, 5]	"救护车1"	
156	90.0	300	2	["a", "阿萨德"]	"消防车1"	
157	50.5	100	0	[1, 2, 3, 4]	"警车1"	
158	100.0	200	1	[1, 2, 3, 4, 5]	"救护车1"	
159	90.0	300	2	["a", "阿萨德"]	"消防车1"	
160	50.5	100	0	[1, 2, 3, 4]	"警车1"	
161	100.0	200	1	[1, 2, 3, 4, 5]	"救护车1"	
162	90.0	300	2	["a", "阿萨德"]	"消防车1"	
163	50.5	100	0	[1, 2, 3, 4]	"警车1"	
164	100.0	200	1	[1, 2, 3, 4, 5]	"救护车1"	
165	90.0	300	2	["a", "阿萨德"]	"消防车1"	
166	50.5	100	0	[1, 2, 3, 4]	"警车1"	
167	100.0	200	1	[1, 2, 3, 4, 5]	"救护车1"	
168	90.0	300	2	["a", "阿萨德"]	"消防车1"	
169	50.5	100	0	[1, 2, 3, 4]	"警车1"	
170	100.0	200	1	[1, 2, 3, 4, 5]	"救护车1"	
171	90.0	300	2	["a", "阿萨德"]	"消防车1"	
172	50.5	100	0	[1, 2, 3, 4]	"警车1"	
173	100.0	200	1	[1, 2, 3, 4, 5]	"救护车1"	
174	90.0	300	2	["a", "阿萨德"]	"消防车1"	
175	50.5	100	0	[1, 2, 3, 4]	"警车1"	
176	100.0	200	1	[1, 2, 3, 4, 5]	"救护车1"	
177	90.0	300	2	["a", "阿萨德"]	"消防车1"	
178	50.5	100	0	[1, 2, 3, 4]	"警车1"	
179	100.0	200	1	[1, 2, 3, 4, 5]	"救护车1"	
180	90.0	300	2	["a", "阿萨德"]	"消防车1"	
181	50.5	100	0	[1, 2, 3, 4]	"警车1"	
182	100.0	200	1	[1, 2, 3, 4, 5]	"救护车1"	
183	90.0	300	2	["a", "阿萨德"]	"消防车1"	
184	50.5	100	0	[1, 2, 3, 4]	"警车1"	
185	100.0	200	1	[1, 2, 3, 4, 5]	"救护车1"	
186	90.0	300	2	["a", "阿萨德"]	"消防车1"	
187	50.5	100	0	[1, 2, 3, 4]	"警车1"	
188	100.0	200	1	[1, 2, 3, 4, 5]	"救护车1"	
189	90.0	300	2	["a", "阿萨德"]	"消防车1"	
190	50.5	100	0	[1, 2, 3, 4]	"警车1"	
191	100.0	200	1	[1, 2, 3, 4, 5]	"救护车1"	
192	90.0	300	2	["a", "阿萨德"]	"消防车1"	
193	50.5	100	0	[1, 2, 3, 4]	"警车1"	
194	100.0	200	1	[1, 2, 3, 4, 5]	"救护车1"	
195	90.0	300	2	["a", "阿萨德"]	"消防车1"	
196	50.5	100	0	[1, 2, 3, 4]	"警车1"	
197	100.0	200	1	[1, 2, 3, 4, 5]	"救护车1"	
198	90.0	300	2	["a", "阿萨德"]	"消防车1"	
199	50.5	100	0	[1, 2, 3, 4]	"警车1"	
200	100.0	200	1	[1, 2, 3, 4, 5]	"救护车1"	
201	90.0	300	2	["a", "阿萨德"]	"消防车1"	
202	50.5	100	0	[1, 2, 3, 4]	"警车1"	
203	100.0	200	1	[1, 2, 3, 4, 5]	"救护车1"	
204	90.0	300	2	["a", "阿萨德"]	"消防车1"	
205	50.5	100	0	[1, 2, 3, 4]	"警车1"	
206	100.0	200	1	[1, 2, 3, 4, 5]	"救护车1"	
207	90.0	300	2	["a", "阿萨德"]	"消防车1"	
208	50.5	100	0	[1, 2, 3, 4]	"警车1"	
209	100.0	200	1	[1, 2, 3, 4, 5]	"救护车1"	
210	90.0	300	2	["a", "阿萨德"]	"消防车1"	
211	50.5	100	0	[1, 2, 3, 4]	"警车1"	
212	100.0	200	1	[1, 2, 3, 4, 5]	"救护车1"	
213	90.0	300	2	["a", "阿萨德"]	"消防车1"	
214	50.5	100	0	[1, 2, 3, 4]	"警车1"	
215	100.0	200	1	[1, 2, 3, 4, 5]	"救护车1"	
216	90.0	300	2	["a", "阿萨德"]	"消防车1"	
217	50.5	100	0	[1, 2, 3, 4]	"警车1"	
218	100.0	200	1	[1, 2, 3, 4, 5]	"救护车1"	
219	90.0	300	2	["a", "阿萨德"]	"消防车1"	
220	50.5	100	0	[1, 2, 3, 4]	"警车1"	
221	100.0	200	1	[1, 2, 3, 4, 5]	"救护车1"	
222	90.0	300	2	["a", "阿萨德"]	"消防车1"	
223	50.5	100	0	[1, 2, 3, 4]	"警车1"	
224	100.0	200	1	[1, 2, 3, 4, 5]	"救护车1"	
225	90.0	300	2	["a", "阿萨德"]	"消防车1"	
226	50.5	100	0	[1, 2, 3, 4]	"警车1"	
227	100.0	200	1	[1, 2, 3, 4, 5]	"救护车1"	
228	90.0	300	2	["a", "阿萨德"]	"消防车1"	
229	50.5	100	0	[1, 2, 3, 4]	"警车1"	
230	100.0	200	1	[1, 2, 3, 4, 5]	"救护车1"	
231	90.0	300	2	["a", "阿萨德"]	"消防车1"	
232	50.5	100	0	[1, 2, 3, 4]	"警车1"	
233	100.0	200	1	[1, 2, 3, 4, 5]	"救护车1"	
234	90.0	300	2	["a", "阿萨德"]	"消防车1"	
235	50.5	100	0	[1, 2, 3, 4]	"警车1"	
236	100.0	200	1	[1, 2, 3, 4, 5]	"救护车1"	
237	90.0	300	2	["a", "阿萨德"]	"消防车1"	
238	50.5	100	0	[1, 2, 3, 4]	"警车1"	
239	100.0	200	1	[1, 2, 3, 4, 5]	"救护车1"	
240	90.0	300	2	["a", "阿萨德"]	"消防车1"	
241	50.5	100	0	[1, 2, 3, 4]	"警车1"	
242	100.0	200	1	[1, 2, 3, 4, 5]	"救护车1"	
243	90.0	300	2	["a", "阿萨德"]	"消防车1"	
244	50.5	100	0	[1, 2, 3, 4]	"警车1"	
245	100.0	200	1	[1, 2, 3, 4, 5]	"救护车1"	
246	90.0	300	2	["a", "阿萨德"]	"消防车1"	
247	50.5	100	0	[1, 2, 3, 4]	"警车1"	
248	100.0	200	1	[1, 2, 3, 4, 5]	"救护车1"	
249	90.0	300	2	["a", "阿萨德"]	"消防车1"	
250	50.5	100	0	[1, 2, 3, 4]	"警车1"	
251	100.0	200	1	[1, 2, 3, 4, 5]	"救护车1"	
252	90.0	300	2	["a", "阿萨德"]	"消防车1"	
253	50.5	100	0	[1, 2, 3, 4]	"警车1"	
254	100.0	200	1	[1, 2, 3, 4, 5]	"救护车1"	
255	90.0	300	2	["a", "阿萨德"]	"消防车1"	
256	50.5	100	0	[1, 2, 3, 4]	"警车1"	
257	100.0	200	1	[1, 2, 3, 4, 5]	"救护车1"	
258	90.0	300	2	["a", "阿萨德"]	"消防车1"	
259	50.5	100	0	[1, 2, 3, 4]	"警车1"	
260	100.0	200	1	[1, 2, 3, 4, 5]	"救护车1"	
261	90.0	300	2	["a", "阿萨德"]	"消防车1"	
262	50.5	100	0	[1, 2, 3, 4]	"警车1"	
263	100.0	200	1	[1, 2, 3, 4, 5]	"救护车1"	
264	90.0	300	2	["a", "阿萨德"]	"消防车1"	
265	50.5	100	0	[1, 2, 3, 4]	"警车1"	
266	100.0	200	1	[1, 2, 3, 4, 5]	"救护车1"	
267	90.0	300	2	["a", "阿萨德"]	"消防车1"	
268	50.5	100	0	[1, 2, 3, 4]	"警车1"	
269	100.0	200	1	[1, 2, 3, 4, 5]	"救护车1"	
270	90.0	300	2	["a", "阿萨德"]	"消防车1"	
271	50.5	100	0	[1, 2, 3, 4]	"警车1"	
272	100.0	200	1	[1, 2, 3, 4, 5]	"救护车1"	
273	90.0	300	2	["a", "阿萨德"]	"消防车1"	
274	50.5	100	0	[1, 2, 3, 4]	"警车1"	
275	100.0	200	1	[1, 2, 3, 4, 5]	"救护车1"	
276	90.0	300	2	["a", "阿萨德"]	"消防车1"	
277	50.5	100	0	[1, 2, 3, 4]	"警车1"	
278	100.0	200	1	[1, 2, 3, 4, 5]	"救护车1"	
279	90.0	300	2	["a", "阿萨德"]	"消防车1"	
280	50.5	100	0	[1, 2, 3, 4]	"警车1"	
281	100.0	200	1	[1, 2, 3, 4, 5]	"救护车1"	
282	90.0	300	2	["a", "阿萨德"]	"消防车1"	
283	50.5	100	0	[1, 2, 3, 4]	"警车1"	
284	100.0	200	1	[1, 2, 3, 4, 5]	"救护车1"	
285	90.0	300	2	["a", "阿萨德"]	"消防车1"	
286	50.5	100	0	[1, 2, 3, 4]	"警车1"	
287	100.0	200	1	[1, 2, 3, 4, 5]	"救护车1"	
288	90.0	300	2	["a", "阿萨德"]	"消防车1"	
289	50.5	100	0	[1, 2, 3, 4]	"警车1"	
290	100.0	200	1	[1, 2, 3, 4, 5]	"救护车1"	
291	90.0	300	2	["a", "阿萨德"]	"消防车1"	
292	50.5	100	0	[1, 2, 3, 4]	"警车1"	
293	100.0	200	1	[1, 2, 3, 4, 5]	"救护车1"	
294	90.0	300	2	["a", "阿萨德"]	"消防车1"	
295	50.5	100	0	[1, 2, 3, 4]	"警车1"	
296	100.0	200	1	[1, 2, 3, 4, 5]	"救护车1"	
297	90.0	300	2	["a", "阿萨德"]	"消防车1"	
298	50.5	100	0	[1, 2, 3, 4]	"警车1"	
299	100.0	200	1	[1, 2, 3, 4, 5]	"救护车1"	
300	90.0	300	2	["a", "阿萨德"]	"消防车1"	
301	50.5	100	0	[1, 2, 3, 4]	"警车1"	
302	100.0	200	1	[1, 2, 3, 4, 5]	"救护车1"	
303	90.0	300	2	["a", "阿萨德"]	"消防车1"	
304	50.5	100	0	[1, 2, 3, 4]	"警车1"	
305	100.0	200	1	[1, 2, 3, 4, 5]	"救护车1"	
306	90.0	300	2	["a", "阿萨德"]	"消防车1"	
307	50.5	100	0	[1, 2, 3, 4]	"警车1"	
308	100.0	200	1	[1, 2, 3, 4, 5]	"救护车1"	
309	90.0	300	2	["a", "阿萨德"]	"消防车1"	
310	50.5	100	0	[1, 2, 3, 4]	"警车1"	
311	100.0	200	1	[1, 2, 3, 4, 5]	"救护车1"	
312	90.0	300	2	["a", "阿萨德"]	"消防车1"	
313	50.5	100	0	[1, 2, 3, 4]	"警车1"	
314	100.0	200	1	[1, 2, 3, 4, 5]	"救护车1"	
315	90.0	300	2	["a", "阿萨德"]	"消防车1"	
316	50.5	100	0	[1, 2, 3, 4]	"警车1"	
317	100.0	200	1	[1, 2, 3, 4, 5]	"救护车1"	
318	90.0	300	2	["a", "阿萨德"]	"消防车1"	
319	50.5	100	0	[1, 2, 3, 4]	"警车1"	
320	100.0	200	1	[1, 2, 3, 4, 5]	"救护车1"	
321	90.0	300	2	["a", "阿萨德"]	"消防车1"	
322	50.5	100	0	[1, 2, 3, 4]	"警车1"	
323	100.0	200	1	[1, 2, 3, 4, 5]	"救护车1"	
324	90.0	300	2	["a", "阿萨德"]	"消防车1"	
325	50.5	100	0	[1, 2, 3, 4]	"警车1"	
326	100.0	200	1	[1, 2, 3, 4, 5]	"救护车1"	
327	90.0	300	2	["a", "阿萨德"]	"消防车1"	
328	50.5	100	0	[1, 2, 3, 4]	"警车1"	
329	100.0	200	1	[1, 2, 3, 4, 5]	"救护车1"	
330	90.0	300	2	["a", "阿萨德"]	"消防车1"	
331	50.5	100	0	[1, 2, 3, 4]	"警车1"	
332	100.0	200	1	[1, 2, 3, 4, 5]	"救护车1"	
333	90.0	300	2	["a", "阿萨德"]	"消防车1"	
334	50.5	100	0	[1, 2, 3, 4]	"警车1"	
335	100.0	200	1	[1, 2, 3, 4, 5]	"救护车1"	
336	90.0	300	2	["a", "阿萨德"]	"消防车1"	
337	50.5	100	0	[1, 2, 3, 4]	"警车1"	
338	100.0	200	1	[1, 2, 3, 4, 5]	"救护车1"	
339	90.0	300	2	["a", "阿萨德"]	"消防车1"	
340	50.5	100	0	[1, 2, 3, 4]	"警车1"	
341	100.0	200	1	[1, 2, 3, 4, 5]	"救护车1"	
342	90.0	300	2	["a", "阿萨德"]	"消防车1"	
343	50.5	100	0	[1, 2, 3, 4]	"警车1"	
344	100.0	200	1	[1, 2, 3, 4, 5]	"救护车1"	
345	90.0	300	2	["a", "阿萨德"]	"消防车1"	
346	50.5	100	0	[1, 2, 3, 4]	"警车1"	
347	100.0	200	1	[1, 2, 3, 4, 5]	"救护车1"	
348	90.0	300	2	["a", "阿萨德"]	"消防车1"	
349	50.5	100	0	[1, 2, 3, 4]	"警车1"	
350	100.0	200	1	[1, 2, 3, 4, 5]	"救护车1"	
351	90.0	300	2	["a", "阿萨德"]	"消防车1"	
352	50.5	100	0	[1, 2, 3, 4]	"警车1"	
353	100.0	200	1	[1, 2, 3, 4, 5]	"救护车1"	
354	90.0	300	2	["a", "阿萨德"]	"消防车1"	
355	50.5	100	0	[1, 2, 3, 4]	"警车1"	
356	100.0	200	1	[1, 2, 3, 4, 5]	"救护车1"	
357	90.0	300	2	["a", "阿萨德"]	"消防车1"	
358	50.5	100	0	[1, 2, 3, 4]	"警车1"	
359	100.0	200	1	[1, 2, 3, 4, 5]	"救护车1"	
360	90.0	300	2	["a", "阿萨德"]	"消防车1"	
361	50.5	100	0	[1, 2, 3, 4]	"警车1"	
362	100.0	200	1	[1, 2, 3, 4, 5]	"救护车1"	
363	90.0	300	2	["a", "阿萨德"]	"消防车1"	
364	50.5	100	0	[1, 2, 3, 4]	"警车1"	
365	100.0	200	1	[1, 2, 3, 4, 5]	"救护车1"	
366	90.0	300	2	["a", "阿萨德"]	"消防车1"	
367	50.5	100	0	[1, 2, 3, 4]	"警车1"	
368	100.0	200	1	[1, 2, 3, 4, 5]	"救护车1"	
369	90.0	300	2	["a", "阿萨德"]	"消防车1"	
370	50.5	100	0	[1, 2, 3, 4]	"警车1"	
371	100.0	200	1	[1, 2, 3, 4, 5]	"救护车1"	
372	90.0	300	2	["a", "阿萨德"]	"消防车1"	
373	50.5	100	0	[1, 2, 3, 4]	"警车1"	
374	100.0	200	1	[1, 2, 3, 4, 5]	"救护车1"	
375	90.0	300	2	["a", "阿萨德"]	"消防车1"	
376	50.5	100	0	[1, 2, 3, 4]	"警车1"	
377	100.0	200	1	[1, 2, 3, 4, 5]	"救护车1"	
378	90.0	300	2	["a", "阿萨德"]	"消防车1"	
379	50.5	100	0	[1, 2, 3, 4]	"警车1"	
380	100.0	200	1	[1, 2, 3, 4, 5]	"救护车1"	
381	90.0	300	2	["a", "阿萨德"]	"消防车1"	
382	50.5	100	0	[1, 2, 3, 4]	"警车1"	
383	100.0	200	1	[1, 2, 3, 4, 5]	"救护车1"	
384	90.0	300	2	["a", "阿萨德"]	"消防车1"	
385	50.5	100	0	[1, 2, 3, 4]	"警车1"	
386	100.0	200	1	[1, 2, 3, 4, 5]	"救护车1"	
387	90.0	300	2	["a", "阿萨德"]	"消防车1"	
388	50.5	100	0	[1, 2, 3, 4]	"警车1"	
389	100.0	200	1	[1, 2, 3, 4, 5]	"救护车1"	
390	90.0	300	2	["a", "阿萨德"]	"消防车1"	
391	50.5	100	0	[1, 2, 3, 4]	"警车1"	
392	100.0	200	1	[1, 2, 3, 4, 5]	"救护车1"	
393	90.0	300	2	["a", "阿萨德"]	"消防车1"	
394	50.5	100	0	[1, 2, 3, 4]	"警车1"	
395	100.0	200	1	[1, 2, 3, 4, 5]	"救护车1"	
396	90.0	300	2	["a", "阿萨德"]	"消防车1"	
397	50.5	100	0	[1, 2, 3, 4]	"警车1"	
398	100.0	200	1	[1, 2, 3, 4, 5]	"救护车1"	
399	90.0	300	2	["a", "阿萨德"]	"消防车1"	
400	50.5	100	0	[1, 2, 3, 4]	"警车1"	
401	100.0	200	1	[1, 2, 3, 4, 5]	"救护车1"	
402	90.0	300	2	["a", "阿萨德"]	"消防车1"	
403	50.5	100	0	[1, 2, 3, 4]	"警车1"	
404	100.0	200	1	[1, 2, 3, 4, 5]	"救护车1"	
405	90.0	300	2	["a", "阿萨德"]	"消防车1"	
406	50.5	100	0	[1, 2, 3, 4]	"警车1"	
407	100.0	200	1	[1, 2, 3, 4, 5]	"救护车1"	
408	90.0	300	2	["a", "阿萨德"]	"消防车1"	
409	50.5	100	0	[1, 2, 3, 4]	"警车1"	
410	100.0	200	1	[1, 2, 3, 4, 5]	"救护车1"	
411	90.0	300	2	["a", "阿萨德"]	"消防车1"	
412	50.5	100	0	[1, 2, 3, 4]	"警车1"	
413	100.0	200	1	[1, 2, 3, 4, 5]	"救护车1"	
414	90.0	300	2	["a", "阿萨德"]	"消防车1"	
415	50.5	100	0	[1, 2, 3, 4]	"警车1"	
416	100.0	200	1	[1, 2, 3, 4, 5]	"救护车1"	
417	90.0	300	2	["a", "阿萨德"]	"消防车1"	
418	50.5	100	0	[1, 2, 3, 4]	"警车1"	
419	100.0	200	1	[1, 2, 3, 4, 5]	"救护车1"	
420	90.0	300	2	["a", "阿萨德"]	"消防车1"	
421	50.5	100	0	[1, 2, 3, 4]	"警车1"	
422	100.0	200	1	[1, 2, 3, 4, 5]	"救护车1"	
423	90.0	300	2	["a", "阿萨德"]	"消防车1"	
424	50.5	100	0	[1, 2, 3, 4]	"警车1"	
425	100.0	200	1	[1, 2, 3, 4, 5]	"救护车1"	
426	90.0	300	2	["a", "阿萨德"]	"消防车1"	
427	50.5	100	0	[1, 2, 3, 4]	"警车1"	
428	100.0	200	1	[1, 2, 3, 4, 5]	"救护车1"	
429	90.0	300	2	["a", "阿萨德"]	"消防车1"	
430	50.5	100	0	[1, 2, 3, 4]	"警车1"	
431	100.0	200	1	[1, 2, 3, 4, 5]	"救护车1"	
432	90.0	300	2	["a", "阿萨德"]	"消防车1"	
433	50.5	100	0	[1, 2, 3, 4]	"警车1"	
434	100.0	200	1	[1, 2, 3, 4, 5]	"救护车1"	
435	90.0	300	2	["a", "阿萨德"]	"消防车1"	
436	50.5	100	0	[1, 2, 3, 4]	"警车1"	
437	100.0	200	1	[1, 2, 3, 4, 5]	"救护车1"	
438	90.0	300	2	["a", "阿萨德"]	"消防车1"	
439	50.5	100	0	[1, 2, 3, 4]	"警车1"	
440	100.0	200	1	[1, 2, 3, 4, 5]	"救护车1"	
441	90.0	300	2	["a", "阿萨德"]	"消防车1"	
442	50.5	100	0	[1, 2, 3, 4]	"警车1"	
443	100.0	200	1	[1, 2, 3, 4, 5]	"救护车1"	
444	90.0	300	2	["a", "阿萨德"]	"消防车1"	
445	50.5	100	0	[1, 2, 3, 4]	"警车1"	
446	100.0	200	1	[1, 2, 3, 4, 5]	"救护车1"	
447	90.0	300	2	["a", "阿萨德"]	"消防车1"	
448	50.5	100	0	[1, 2, 3, 4]	"警车1"	
449	100.0	200	1	[1, 2, 3, 4, 5]	"救护车1"	
450	90.0	300	2	["a", "阿萨德"]	"消防车1"	
451	50.5	100	0	[1, 2, 3, 4]	"警车1"	
452	100.0	200	1	[1, 2, 3, 4, 5]	"救护车1"	
453	90.0	300	2	["a", "阿萨德"]	"消防车1"	
454	50.5	100	0	[1, 2, 3, 4]	"警车1"	
455	100.0	200	1	[1, 2, 3, 4, 5]	"救护车1"	
456	90.0	300	2	["a", "阿萨德"]	"消防车1"	
457	50.5	100	0	[1, 2, 3, 4]	"警车1"	
458	100.0	200	1	[1, 2, 3, 4, 5]	"救护车1"	
459	90.0	300	2	["a", "阿萨德"]	"消防车1"	
460	50.5	100	0	[1, 2, 3, 4]	"警车1"	
461	100.0	200	1	[1, 2, 3, 4, 5]	"救护车1"	
462	90.0	300	2	["a", "阿萨德"]	"消防车1"	
463	50.5	100	0	[1, 2, 3, 4]	"警车1"	
464	100.0	200	1	[1, 2, 3, 4, 5]	"救护车1"	
465	90.0	300	2	["a", "阿萨德"]	"消防车1"	
466	50.5	100	0	[1, 2, 3, 4]	"警车1"	
467	100.0	200	1	[1, 2, 3, 4, 5]	"救护车1"	
468	90.0	300	2	["a", "阿萨德"]	"消防车1"	
469	50.5	100	0	[1, 2, 3, 4]	"警车1"	
470	100.0	200	1	[1, 2, 3, 4, 5]	"救护车1"	
471	90.0	300	2	["a", "阿萨德"]	"消防车1"	
472	50.5	100	0	[1, 2, 3, 4]	"警车1"	
473	100.0	200	1	[1, 2, 3, 4, 5]	"救护车1"	
474	90.0	300	2	["a", "阿萨德"]	"消防车1"	
475	50.5	100	0	[1, 2, 3, 4]	"警车1"	
476	100.0	200	1	[1, 2, 3, 4, 5]	"救护车1"	
477	90.0	300	2	["a", "阿萨德"]	"消防车1"	
478	50.5	100	0	[1, 2, 3, 4]	"警车1"	
479	100.0	200	1	[1, 2, 3, 4, 5]	"救护车1"	
480	90.0	300	2	["a", "阿萨德"]	"消防车1"	
481	50.5	100	0	[1, 2, 3, 4]	"警车1"	
482	100.0	200	1	[1, 2, 3, 4, 5]	"救护车1"	
483	90.0	300	2	["a", "阿萨德"]	"消防车1"	
484	50.5	100	0	[1, 2, 3, 4]	"警车1"	
485	100.0	200	1	[1, 2, 3, 4, 5]	"救护车1"	
486	90.0	300	2	["a", "阿萨德"]	"消防车1"	
487	50.5	100	0	[1, 2, 3, 4]	"警车1"	
488	100.0	200	1	[1, 2, 3, 4, 5]	"救护车1"	
489	90.0	300	2	["a", "阿萨德"]	"消防车1"	
490	50.5	100	0	[1, 2, 3, 4]	"警车1"	
491	100.0	200	1	[1, 2, 3, 4, 5]	"救护车1"	
492	90.0	300	2	["a", "阿萨德"]	"消防车1"	
493	50.5	100	0	[1, 2, 3, 4]	"警车1"	
494	100.0	200	1	[1, 2, 3, 4, 5]	"救护车1"	
495	90.0	300	2	["a", "阿萨德"]	"消防车1"	
496	50.5	100	0	[1, 2, 3, 4]	"警车1"	
497	100.0	200	1	[1, 2, 3, 4, 5]	"救护车1"	
498	90.0	300	2	["a", "阿萨德"]	"消防车1"	
499	50.5	100	0	[1, 2, 3, 4]	"警车1"	
500	100.0	200	1	[1, 2, 3, 4, 5]	"救护车1"	
501	90.0	300	2	["a", "阿萨德"]	"消防车1"	
502	50.5	100	0	[1, 2, 3, 4]	"警车1"	
503	100.0	200	1	[1, 2, 3, 4, 5]	"救护车1"	
504	90.0	300	2	["a", "阿萨德"]	"消防车1"	
505	50.5	100	0	[1, 2, 3, 4]	"警车1"	
506	100.0	200	1	[1, 2, 3, 4, 5]	"救护车1"	
507	90.0	300	2	["a", "阿萨德"]	"消防车1"	
508	50.5	100	0	[1, 2, 3, 4]	"警车1"	
509	100.0	200	1	[1, 2, 3, 4, 5]	"救护车1"	
510	90.0	300	2	["a", "阿萨德"]	"消防车1"	
511	50.5	100	0	[1, 2, 3, 4]	"警车1"	
512	100.0	200	1	[1, 2, 3, 4, 5]	"救护车1"	
513	90.0	300	2	["a", "阿萨德"]	"消防车1"	
514	50.5	100	0	[1, 2, 3, 4]	"警车1"	
515	100.0	200	1	[1, 2, 3, 4, 5]	"救护车1"	
516	90.0	300	2	["a", "阿萨德"]	"消防车1"	
517	50.5	100	0	[1, 2, 3, 4]	"警车1"	
518	100.0	200	1	[1, 2, 3, 4, 5]	"救护车1"	
519	90.0	300	2	["a", "阿萨德"]	"消防车1"	
520	50.5	100	0	[1, 2, 3, 4]	"警车1"	
521	100.0	200	1	[1, 2, 3, 4, 5]	"救护车1"	
522	90.0	300	2	["a", "阿萨德"]	"消防车1"	
523	50.5	100	0	[1, 2, 3, 4]	"警车1"	
524	100.0	200	1	[1, 2, 3, 4, 5]	"救护车1"	
525	90.0	300	2	["a", "阿萨德"]	"消防车1"	
526	50.5	100	0	[1, 2, 3, 4]	"警车1"	
527	100.0	200	1	[1, 2, 3, 4, 5]	"救护车1"	
528	90.0	300	2	["a", "阿萨德"]	"消防车1"	
529	50.5	100	0	[1, 2, 3, 4]	"警车1"	
530	100.0	200	1	[1, 2, 3, 4, 5]	"救护车1"	
531	90.0	300	2	["a", "阿萨德"]	"消防车1"	
532	50.5	100	0	[1, 2, 3, 4]	"警车1"	
533	100.0	200	1	[1, 2, 3, 4, 5]	"救护车1"	
534	90.0	300	2	["a", "阿萨德"]	"消防车1"	
535	50.5	100	0	[1, 2, 3, 4]	"警车1"	
536	100.0	200	1	[1, 2, 3, 4, 5]	"救护车1"	
537	90.0	300	2	["a", "阿萨德"]	"消防车1"	
538	50.5	100	0	[1, 2, 3, 4]	"警车1"	
539	100.0	200	1	[1, 2, 3, 4, 5]	"救护车1"	
540	90.0	300	2	["a", "阿萨德"]	"消防车1"	
541	50.5	100	0	[1, 2, 3, 4]	"警车1"	
542	100.0	200	1	[1, 2, 3, 4, 5]	"救护车1"	
543	90.0	300	2	["a", "阿萨德"]	"消防车1"	
544	50.5	100	0	[1, 2, 3, 4]	"警车1"	
545	100.0	200	1	[1, 2, 3, 4, 5]	"救护车1"	
546	90.0	300	2	["a", "阿萨德"]	"消防车1"	
547	50.5	100	0	[1, 2, 3, 4]	"警车1"	
548	100.0	200	1	[1, 2, 3, 4, 5]	"救护车1"	
549	90.0	300	2	["a", "阿萨德"]	"消防车1"	
550	50.5	100	0	[1, 2, 3, 4]	"警车1"	
551	100.0	200	1	[1, 2, 3, 4, 5]	"救护车1"	
552	90.0	300	2	["a", "阿萨德"]	"消防车1"	
553	50.5	100	0	[1, 2, 3, 4]	"警车1"	
554	100.0	200	1	[1, 2, 3, 4, 5]	"救护车1"	
555	90.0	300	2	["a", "阿萨德"]	"消防车1"	
556	50.5	100	0	[1, 2, 3, 4]	"警车1"	
557	100.0	200	1	[1, 2, 3, 4, 5]	"救护车1"	
558	90.0	300	2	["a", "阿萨德"]	"消防车1"	
559	50.5	100	0	[1, 2, 3, 4]	"警车1"	
560	100.0	200	1	[1, 2, 3, 4, 5]	"救护车1"	
561	90.0	300	2	["a", "阿萨德"]	"消防车1"	
562	50.5	100	0	[1, 2, 3, 4]	"警车1"	
563	100.0	200	1	[1, 2, 3, 4, 5]	"救护车1"	
564	90.0	300	2	["a", "阿萨德"]	"消防车1"	
565	50.5	100	0	[1, 2, 3, 4]	"警车1"	
566	100.0	200	1	[1, 2, 3, 4, 5]	"救护车1"	
567	90.0	300	2	["a", "阿萨德"]	"消防车1"	
568	50.5	100	0	[1, 2, 3, 4]	"警车1"	
569	100.0	200	1	[1, 2, 3, 4, 5]	"救护车1"	
570	90.0	300	2	["a", "阿萨德"]	"消防车1"	
571	50.5	100	0	[1, 2, 3, 4]	"警车1"	
572	100.0	200	1	[1, 2, 3, 4, 5]	"救护车1"	
573	90.0	300	2	["a", "阿萨德"]	"消防车1"	
574	50.5	100	0	[1, 2, 3, 4]	"警车1"	
575	100.0	200	1	[1, 2, 3, 4, 5]	"救护车1"	
576	90.0	300	2	["a", "阿萨德"]	"消防车1"	
577	50.5	100	0	[1, 2, 3, 4]	"警车1"	
578	100.0	200	1	[1, 2, 3, 4, 5]	"救护车1"	
579	90.0	300	2	["a", "阿萨德"]	"消防车1"	
580	50.5	100	0	[1, 2, 3, 4]	"警车1"	
581	100.0	200	1	[1, 2, 3, 4, 5]	"救护车1"	
582	90.0	300	2	["a", "阿萨德"]	"消防车1"	
583	50.5	100	0	[1, 2, 3, 4]	"警车1"	
584	100.0	200	1	[1, 2, 3, 4, 5]	"救护车1"	
585	90.0	300	2	["a", "阿萨德"]	"消防车1"	
586	50.5	100	0	[1, 2, 3, 4]	"警车1"	
587	100.0	200	1	[1, 2, 3, 4, 5]	"救护车1"	
588	90.0	300	2	["a", "阿萨德"]	"消防车1"	
589	50.5	100	0	[1, 2, 3, 4]	"警车1"	
590	100.0	200	1	[1, 2, 3, 4, 5]	"救护车1"	
591	90.0	300	2	["a", "阿萨德"]	"消防车1"	
592	50.5	100	0	[1, 2, 3, 4]	"警车1"	
593	100.0	200	1	[1, 2, 3, 4, 5]	"救护车1"	
594	90.0	300	2	["a", "阿萨德"]	"消防车1"	
595	50.5	100	0	[1, 2, 3, 4]	"警车1"	
596	100.0	200	1	[1, 2, 3, 4, 5]	"救护车1"	
597	90.0	300	2	["a", "阿萨德"]	"消防车1"	
598	50.5	100	0	[1, 2, 3, 4]	"警车1"	
599	100.0	200	1	[1, 2, 3, 4, 5]	"救护车1"	
600	90.0	300	2	["a", "阿萨德"]	"消防车1"	
601	50.5	100	0	[1, 2, 3, 4]	"警车1"	
602	100.0	200	1	[1, 2, 3, 4, 5]	"救护车1"	
603	90.0	300	2	["a", "阿萨德"]	"消防车1"	
604	50.5	100	0	[1, 2, 3, 4]	"警车1"	
605	100.0	200	1	[1, 2, 3, 4, 5]	"救护车1"	
606	90.0	300	2	["a", "阿萨德"]	"消防车1"	
607	50.5	100	0	[1, 2, 3, 4]	"警车1"	
608	100.0	200	1	[1, 2, 3, 4, 5]	"救护车1"	
609	90.0	300	2	["a", "阿萨德"]	"消防车1"	
610	50.5	100	0	[1, 2, 3, 4]	"警车1"	
611	100.0	200	1	[1, 2, 3, 4, 5]	"救护车1"	
612	90.0	300	2	["a", "阿萨德"]	"消防车1"	
613	50.5	100	0	[1, 2, 3, 4]	"警车1"	
614	100.0	200	1	[1, 2, 3, 4, 5]	"救护车1"	
615	90.0	300	2	["a", "阿萨德"]	"消防车1"	
616	50.5	100	0	[1, 2, 3, 4]	"警车1"	
617	100.0	200	1	[1, 2, 3, 4, 5]	"救护车1"	
618	90.0	300	2	["a", "阿萨德"]	"消防车1"	
619	50.5	100	0	[1, 2, 3, 4]	"警车1"	
620	100.0	200	1	[1, 2, 3, 4, 5]	"救护车1"	
621	90.0	300	2	["a", "阿萨德"]	"消防车1"	
622	50.5	100	0	[1, 2, 3, 4]	"警车1"	
623	100.0	200	1	[1, 2, 3, 4, 5]	"救护车1"	
624	90.0	300	2	["a", "阿萨德"]	"消防车1"	
625	50.5	100	0	[1, 2, 3, 4]	"警车1"	
626	100.0	200	1	[1, 2, 3, 4, 5]	"救护车1"	
627	90.0	300	2	["a", "阿萨德"]	"消防车1"	
628	50.5	100	0	[1, 2, 3, 4]	"警车1"	
629	100.0	200	1	[1, 2, 3, 4, 5]	"救护车1"	
630	90.0	300	2	["a", "阿萨德"]	"消防车1"	
631	50.5	100	0	[1, 2, 3, 4]	"警车1"	
632	100.0	200	1	[1, 2, 3, 4, 5]	"救护车1"	
633	90.0	300	2	["a", "阿萨德"]	"消防车1"	
634	50.5	100	0	[1, 2, 3, 4]	"警车1"	
635	100.0	200	1	[1, 2, 3, 4, 5]	"救护车1"	
636	90.0	300	2	["a", "阿萨德"]	"消防车1"	
637	50.5	100	0	[1, 2, 3, 4]	"警车1"	
638	100.0	200	1	[1, 2, 3, 4, 5]	"救护车1"	
639	90.0	300	2	["a", "阿萨德"]	"消防车1"	
640	50.5	100	0	[1, 2, 3, 4]	"警车1"	
641	100.0	200	1	[1, 2, 3, 4, 5]	"救护车1"	
642	90.0	300	2	["a", "阿萨德"]	"消防车1"	
643	50.5	100	0	[1, 2, 3, 4]	"警车1"	
644	100.0	200	1	[1, 2, 3, 4, 5]	"救护车1"	
645	90.0	300	2	["a", "阿萨德"]	"消防车1"	
646	50.5	100	0	[1, 2, 3, 4]	"警车1"	
647	100.0	200	1	[1, 2, 3, 4, 5]	"救护车1"	
648	90.0	300	2	["a", "阿萨德"]	"消防车1"	
649	50.5	100	0	[1, 2, 3, 4]	"警车1"	
650	100.0	200	1	[1, 2, 3, 4, 5]	"救护车1"	
651	90.0	300	2	["a", "阿萨德"]	"消防车1"	
652	50.5	100	0	[1, 2, 3, 4]	"警车1"	
653	100.0	200	1	[1, 2, 3, 4, 5]	"救护车1"	
654	90.0	300	2	["a", "阿萨德"]	"消防车1"	
655	50.5	100	0	[1, 2, 3, 4]	"警车1"	
656	100.0	200	1	[1, 2, 3, 4, 5]	"救护车1"	
657	90.0	300	2	["a", "阿萨德"]	"消防车1"	
658	50.5	100	0	[1, 2, 3, 4]	"警车1"	
659	100.0	200	1	[1, 2, 3, 4, 5]	"救护车1"	
660	90.0	300	2	["a", "阿萨德"]	"消防车1"	
661	50.5	100	0	[1, 2, 3, 4]	"警车1"	
662	100.0	200	1	[1, 2, 3, 4, 5]	"救护车1"	
663	90.0	300	2	["a", "阿萨德"]	"消防车1"	
664	50.5	100	0	[1, 2, 3, 4]	"警车1"	
665	100.0	200	1	[1, 2, 3, 4, 5]	"救护车1"	
666	90.0	300	2	["a", "阿萨德"]	"消防车1"	
667	50.5	100	0	[1, 2, 3, 4]	"警车1"	
668	100.0	200	1	[1, 2, 3, 4, 5]	"救护车1"	
669	90.0	300	2	["a", "阿萨德"]	"消防车1"	
670	50.5	100	0	[1, 2, 3, 4]	"警车1"	
671	100.0	200	1	[1, 2, 3, 4, 5]	"救护车1"	
672	90.0	300	2	["a", "阿萨德"]	"消防车1"	
673	50.5	100	0	[1, 2, 3, 4]	"警车1"	
674	100.0	200	1	[1, 2, 3, 4, 5]	"救护车1"	
675	90.0	300	2	["a", "阿萨德"]	"消防车1"	
676	50.5	100	0	[1, 2, 3, 4]	"警车1"	
677	100.0	200	1	[1, 2, 3, 4, 5]	"救护车1"	
678	90.0	300	2	["a", "阿萨德"]	"消防车1"	
679	50.5	100	0	[1, 2, 3, 4]	"警车1"	
680	100.0	200	1	[1, 2, 3, 4, 5]	"救护车1"	
681	90.0	300	2	["a", "阿萨德"]	"消防车1"	
682	50.5	100	0	[1, 2, 3, 4]	"警车1"	
683	100.0	200	1	[1, 2, 3, 4, 5]	"救护车1"	
684	90.0	300	2	["a", "阿萨德"]	"消防车1"	
685	50.5	100	0	[1, 2, 3, 4]	"警车1"	
686	100.0	200	1	[1, 2, 3, 4, 5]	"救护车1"	
687	90.0	300	2	["a", "阿萨德"]	"消防车1"	
688	50.5	100	0	[1, 2, 3, 4]	"警车1"	
689	100.0	200	1	[1, 2, 3, 4, 5]	"救护车1"	
690	90.0	300	2	["a", "阿萨德"]	"消防车1"	
691	50.5	100	0	[1, 2, 3, 4]	"警车1"	
692	100.0	200	1	[1, 2, 3, 4, 5]	"救护车1"	
693	90.0	300	2	["a", "阿萨德"]	"消防车1"	
694	50.5	100	0	[1, 2, 3, 4]	"警车1"	
695	100.0	200	1	[1, 2, 3, 4, 5]	"救护车1"	
696	90.0	300	2	["a", "阿萨德"]	"消防车1"	
697	50.5	100	0	[1, 2, 3, 4]	"警车1"	
698	100.0	200	1	[1, 2, 3, 4, 5]	"救护车1"	
699	90.0	300	2	["a", "阿萨德"]	"消防车1"	
700	50.5	100	0	[1, 2, 3, 4]	"警车1"	
701	100.0	200	1	[1, 2, 3, 4, 5]	"救护车1"	
702	90.0	300	2	["a", "阿萨德"]	"消防车1"	
703	50.5	100	0	[1, 2, 3, 4]	"警车1"	
704	100.0	200	1	[1, 2, 3, 4, 5]	"救护车1"	
705	90.0	300	2	["a", "阿萨德"]	"消防车1"	
706	50.5	100	0	[1, 2, 3, 4]	"警车1"	
707	100.0	200	1	[1, 2, 3, 4, 5]	"救护车1"	
708	90.0	300	2	["a", "阿萨德"]	"消防车1"	
709	50.5	100	0	[1, 2, 3, 4]	"警车1"	
710	100.0	200	1	[1, 2, 3, 4, 5]	"救护车1"	
711	90.0	300	2	["a", "阿萨德"]	"消防车1"	
712	50.5	100	0	[1, 2, 3, 4]	"警车1"	
713	100.0	200	1	[1, 2, 3, 4, 5]	"救护车1"	
714	90.0	300	2	["a", "阿萨德"]	"消防车1"	
715	50.5	100	0	[1, 2, 3, 4]	"警车1"	
716	100.0	200	1	[1, 2, 3, 4, 5]	"救护车1"	
717	90.0	300	2	["a", "阿萨德"]	"消防车1"	
718	50.5	100	0	[1, 2, 3, 4]	"警车1"	
719	100.0	200	1	[1, 2, 3, 4, 5]	"救护车1"	
720	90.0	300	2	["a", "阿萨德"]	"消防车1"	
721	50.5	100	0	[1, 2, 3, 4]	"警车1"	
722	100.0	200	1	[1, 2, 3, 4, 5]	"救护车1"	
723	90.0	300	2	["a", "阿萨德"]	"消防车1"	
724	50.5	100	0	[1, 2, 3, 4]	"警车1"	
725	100.0	200	1	[1, 2, 3, 4, 5]	"救护车1"	
726	90.0	300	2	["a", "阿萨德"]	"消防车1"	
727	50.5	100	0	[1, 2, 3, 4]	"警车1"	
728	100.0	200	1	[1, 2, 3, 4, 5]	"救护车1"	
729	90.0	300	2	["a", "阿萨德"]	"消防车1"	
730	50.5	100	0	[1, 2, 3, 4]	"警车1"	
731	100.0	200	1	[1, 2, 3, 4, 5]	"救护车1"	
732	90.0	300	2	["a", "阿萨德"]	"消防车1"	
733	50.5	100	0	[1, 2, 3, 4]	"警车1"	
734	100.0	200	1	[1, 2, 3, 4, 5]	"救护车1"	
735	90.0	300	2	["a", "阿萨德"]	"消防车1"	
736	50.5	100	0	[1, 2, 3, 4]	"警车1"	
737	100.0	200	1	[1, 2, 3, 4, 5]	"救护车1"	
738	90.0	300	2	["a", "阿萨德"]	"消防车1"	
739	50.5	100	0	[1, 2, 3, 4]	"警车1"	
740	100.0	200	1	[1, 2, 3, 4, 5]	"救护车1"	
741	90.0	300	2	["a", "阿萨德"]	"消防车1"	
742	50.5	100	0	[1, 2, 3, 4]	"警车1"	
743	100.0	200	1	[1, 2, 3, 4, 5]	"救护车1"	
744	90.0	300	2	["a", "阿萨德"]	"消防车1"	
745	50.5	100	0	[1, 2, 3, 4]	"警车1"	
746	100.0	200	1	[1, 2, 3, 4, 5]	"救护车1"	
747	90.0	300	2	["a", "阿萨德"]	"消防车1"	
748	50.5	100	0	[1, 2, 3, 4]	"警车1"	
749	100.0	200	1	[1, 2, 3, 4, 5]	"救护车1"	
750	90.0	300	2	["a", "阿萨德"]	"消防车1"	
751	50.5	100	0	[1, 2, 3, 4]	"警车1"	
752	100.0	200	1	[1, 2, 3, 4, 5]	"救护车1"	
753	90.0	300	2	["a", "阿萨德"]	"消防车1"	
754	50.5	100	0	[1, 2, 3, 4]	"警车1"	
755	100.0	200	1	[1, 2, 3, 4, 5]	"救护车1"	
756	90.0	300	2	["a", "阿萨德"]	"消防车1"	
757	50.5	100	0	[1, 2, 3, 4]	"警车1"	
758	100.0	200	1	[1, 2, 3, 4, 5]	"救护车1"	
759	90.0	300	2	["a", "阿萨德"]	"消防车1"	
760	50.5	100	0	[1, 2, 3, 4]	"警车1"	
761	100.0	200	1	[1, 2, 3, 4, 5]	"救护车1"	
762	90.0	300	2	["a", "阿萨德"]	"消防车1"	
763	50.5	100	0	[1, 2, 3, 4]	"警车1"	
764	100.0	200	1	[1, 2, 3, 4, 5]	"救护车1"	
765	90.0	300	2	["a", "阿萨德"]	"消防车1"	
766	50.5	100	0	[1, 2, 3, 4]	"警车1"	
767	100.0	200	1	[1, 2, 3, 4, 5]	"救护车1"	
768	90.0	300	2	["a", "阿萨德"]	"消防车1"	
769	50.5	100	0	[1, 2, 3, 4]	"警车1"	
770	100.0	200	1	[1, 2, 3, 4, 5]	"救护车1"	
771	90.0	300	2	["a", "阿萨德"]	"消防车1"	
772	50.5	100	0	[1, 2, 3, 4]	"警车1"	
773	100.0	200	1	[1, 2, 3, 4, 5]	"救护车1"	
774	90.0	300	2	["a", "阿萨德"]	"消防车1"	
775	50.5	100	0	[1, 2, 3, 4]	"警车1"	
776	100.0	200	1	[1, 2, 3, 4, 5]	"救护车1"	
777	90.0	300	2	["a", "阿萨德"]	"消防车1"	
778	50.5	100	0	[1, 2, 3, 4]	"警车1"	
779	100.0	200	1	[1, 2, 3, 4, 5]	"救护车1"	
780	90.0	300	2	["a", "阿萨德"]	"消防车1"	
781	50.5	100	0	[1, 2, 3, 4]	"警车1"	
782	100.0	200	1	[1, 2, 3, 4, 5]	"救护车1"	
783	90.0	300	2	["a", "阿萨德"]	"消防车1"	
784	50.5	100	0	[1, 2, 3, 4]	"警车1"	
785	100.0	200	1	[1, 2, 3, 4, 5]	"救护车1"	
786	90.0	300	2	["a", "阿萨德"]	"消防车1"	
787	50.5	100	0	[1, 2, 3, 4]	"警车1"	
788	100.0	200	1	[1, 2, 3, 4, 5]	"救护车1"	
789	90.0	300	2	["a", "阿萨德"]	"消防车1"	
790	50.5	100	0	[1, 2, 3, 4]	"警车1"	
791	100.0	200	1	[1, 2, 3, 4, 5]	"救护车1"	
792	90.0	300	2	["a", "阿萨德"]	"消防车1"	
793	50.5	100	0	[1, 2, 3, 4]	"警车1"	
794	100.0	200	1	[1, 2, 3, 4, 5]	"救护车1"	
795	90.0	300	2	["a", "阿萨德"]	"消防车1"	
796	50.5	100	0	[1, 2, 3, 4]	"警车1"	
797	100.0	200	1	[1, 2, 3, 4, 5]	"救护车1"	
798	90.0	300	2	["a", "阿萨德"]	"消防车1"	
799	50.5	100	0	[1, 2, 3, 4]	"警车1"	
800	100.0	200	1	[1, 2, 3, 4, 5]	"救护车1"	
801	90.0	300	2	["a", "阿萨德"]	"消防车1"	
802	50.5	100	0	[1, 2, 3, 4]	"警车1"	
803	100.0	200	1	[1, 2, 3, 4, 5]	"救护车1"	
804	90.0	300	2	["a", "阿萨德"]	"消防车1"	
805	50.5	100	0	[1, 2, 3, 4]	"警车1"	
806	100.0	200	1	[1, 2, 3, 4, 5]	"救护车1"	
807	90.0	300	2	["a", "阿萨德"]	"消防车1"	
808	50.5	100	0	[1, 2, 3, 4]	"警车1"	
809	100.0	200	1	[1, 2, 3, 4, 5]	"救护车1"	
810	90.0	300	2	["a", "阿萨德"]	"消防车1"	
811	50.5	100	0	[1, 2, 3, 4]	"警车1"	
812	100.0	200	1	[1, 2, 3, 4, 5]	"救护车1"	
813	90.0	300	2	["a", "阿萨德"]	"消防车1"	
814	50.5	100	0	[1, 2, 3, 4]	"警车1"	
815	100.0	200	1	[1, 2, 3, 4, 5]	"救护车1"	
816	90.0	300	2	["a", "阿萨德"]	"消防车1"	
817	50.5	100	0	[1, 2, 3, 4]	"警车1"	
818	100.0	200	1	[1, 2, 3, 4, 5]	"救护车1"	
819	90.0	300	2	["a", "阿萨德"]	"消防车1"	
820	50.5	100	0	[1, 2, 3, 4]	"警车1"	
821	100.0	200	1	[1, 2, 3, 4, 5]	"救护车1"	
822	90.0	300	2	["a", "阿萨德"]	"消防车1"	
823	50.5	100	0	[1, 2, 3, 4]	"警车1"	
824	100.0	200	1	[1, 2, 3, 4, 5]	"救护车1"	
825	90.0	300	2	["a", "阿萨德"]	"消防车1"	
826	50.5	100	0	[1, 2, 3, 4]	"警车1"	
827	100.0	200	1	[1, 2, 3, 4, 5]	"救护车1"	
828	90.0	300	2	["a", "阿萨德"]	"消防车1"	
829	50.5	100	0	[1, 2, 3, 4]	"警车1"	
830	100.0	200	1	[1, 2, 3, 4, 5]	"救护车1"	
831	90.0	300	2	["a", "阿萨德"]	"消防车1"	
832	50.5	100	0	[1, 2, 3, 4]	"警车1"	
833	100.0	200	1	[1, 2, 3, 4, 5]	"救护车1"	
834	90.0	300	2	["a", "阿萨德"]	"消防车1"	
835	50.5	100	0	[1, 2, 3, 4]	"警车1"	
836	100.0	200	1	[1, 2, 3, 4, 5]	"救护车1"	
837	90.0	300	2	["a", "阿萨德"]	"消防车1"	
838	50.5	100	0	[1, 2, 3, 4]	"警车1"	
839	100.0	200	1	[1, 2, 3, 4, 5]	"救护车1"	
840	90.0	300	2	["a", "阿萨德"]	"消防车1"	
841	50.5	100	0	[1, 2, 3, 4]	"警车1"	
842	100.0	200	1	[1, 2, 3, 4, 5]	"救护车1"	
843	90.0	300	2	["a", "阿萨德"]	"消防车1"	
844	50.5	100	0	[1, 2, 3, 4]	"警车1"	
845	100.0	200	1	[1, 2, 3, 4, 5]	"救护车1"	
846	90.0	300	2	["a", "阿萨德"]	"消防车1"	
847	50.5	100	0	[1, 2, 3, 4]	"警车1"	
848	100.0	200	1	[1, 2, 3, 4, 5]	"救护车1"	
849	90.0	300	2	["a", "阿萨德"]	"消防车1"	
850	50.5	100	0	[1, 2, 3, 4]	"警车1"	
851	100.0	200	1	[1, 2, 3, 4, 5]	"救护车1"	
852	90.0	300	2	["a", "阿萨德"]	"消防车1"	
853	50.5	100	0	[1, 2, 3, 4]	"警车1"	
854	100.0	200	1	[1, 2, 3, 4, 5]	"救护车1"	
855	90.0	300	2	["a", "阿萨德"]	"消防车1"	
856	50.5	100	0	[1, 2, 3, 4]	"警车1"	
857	100.0	200	1	[1, 2, 3, 4, 5]	"救护车1"	
858	90.0	300	2	["a", "阿萨德"]	"消防车1"	
859	50.5	100	0	[1, 2, 3, 4]	"警车1"	
860	100.0	200	1	[1, 2, 3, 4, 5]	"救护车1"	
861	90.0	300	2	["a", "阿萨德"]	"消防车1"	
862	50.5	100	0	[1, 2, 3, 4]	"警车1"	
863	100.0	200	1	[1, 2, 3, 4, 5]	"救护车1"	
864	90.0	300	2	["a", "阿萨德"]	"消防车1"	
865	50.5	100	0	[1, 2, 3, 4]	"警车1"	
866	100.0	200	1	[1, 2, 3, 4, 5]	"救护车1"	
867	90.0	300	2	["a", "阿萨德"]	"消防车1"	
868	50.5	100	0	[1, 2, 3, 4]	"警车1"	
869	100.0	200	1	[1, 2, 3, 4, 5]	"救护车1"	
870	90.0	300	2	["a", "阿萨德"]	"消防车1"	
871	50.5	100	0	[1, 2, 3, 4]	"警车1"	
872	100.0	200	1	[1, 2, 3, 4, 5]	"救护车1"	
873	90.0	300	2	["a", "阿萨德"]	"消防车1"	
874	50.5	100	0	[1, 2, 3, 4]	"警车1"	
875	100.0	200	1	[1, 2, 3, 4, 5]	"救护车1"	
876	90.0	300	2	["a", "阿萨德"]	"消防车1"	
877	50.5	100	0	[1, 2, 3, 4]	"警车1"	
878	100.0	200	1	[1, 2, 3, 4, 5]	"救护车1"	
879	90.0	300	2	["a", "阿萨德"]	"消防车1"	
880	50.5	100	0	[1, 2, 3, 4]	"警车1"	
881	100.0	200	1	[1, 2, 3, 4, 5]	"救护车1"	
882	90.0	300	2	["a", "阿萨德"]	"消防车1"	
883	50.5	100	0	[1, 2, 3, 4]	"警车1"	
884	100.0	200	1	[1, 2, 3, 4, 5]	"救护车1"	
885	90.0	300	2	["a", "阿萨德"]	"消防车1"	
886	50.5	100	0	[1, 2, 3, 4]	"警车1"	
887	100.0	200	1	[1, 2, 3, 4, 5]	"救护车1"	
888	90.0	300	2	["a", "阿萨德"]	"消防车1"	
889	50.5	100	0	[1, 2, 3, 4]	"警车1"	
890	100.0	200	1	[1, 2, 3, 4, 5]	"救护车1"	
891	90.0	300	2	["a", "阿萨德"]	"消防车1"	
892	50.5	100	0	[1, 2, 3, 4]	"警车1"	
893	100.0	200	1	[1, 2, 3, 4, 5]	"救护车1"	
894	90.0	300	2	["a", "阿萨德"]	"消防车1"	
895	50.5	100	0	[1, 2, 3, 4]	"警车1"	
896	100.0	200	1	[1, 2, 3, 4, 5]	"救护车1"	
897	90.0	300	2	["a", "阿萨德"]	"消防车1"	
898	50.5	100	0	[1, 2, 3, 4]	"警车1"	
899	100.0	200	1	[1, 2, 3, 4, 5]	"救护车1"	
900	90.0	300	2	["a", "阿萨德"]	"消防车1"	
901	50.5	100	0	[1, 2, 3, 4]	"警车1"	
902	100.0	200	1	[1, 2, 3, 4, 5]	"救护车1"	
903	90.0	300	2	["a", "阿萨德"]	"消防车1"	
904	50.5	100	0	[1, 2, 3, 4]	"警车1"	
905	100.0	200	1	[1, 2, 3, 4, 5]	"救护车1"	
906	90.0	300	2	["a", "阿萨德"]	"消防车1"	
907	50.5	100	0	[1, 2, 3, 4]	"警车1"	
908	100.0	200	1	[1, 2, 3, 4, 5]	"救护车1"	
909	90.0	300	2	["a", "阿萨德"]	"消防车1"	
910	50.5	100	0	[1, 2, 3, 4]	"警车1"	
911	100.0	200	1	[1, 2, 3, 4, 5]	"救护车1"	
912	90.0	300	2	["a", "阿萨德"]	"消防车1"	
913	50.5	100	0	[1, 2, 3, 4]	"警车1"	
914	100.0	200	1	[1, 2, 3, 4, 5]	"救护车1"	
915	90.0	300	2	["a", "阿萨德"]	"消防车1"	
916	50.5	100	0	[1, 2, 3, 4]	"警车1"	
917	100.0	200	1	[1, 2, 3, 4, 5]	"救护车1"	
918	90.0	300	2	["a", "阿萨德"]	"消防车1"	
919	50.5	100	0	[1, 2, 3, 4]	"警车1"	
920	100.0	200	1	[1, 2, 3, 4, 5]	"救护车1"	
921	90.0	300	2	["a", "阿萨德"]	"消防车1"	
922	50.5	100	0	[1, 2, 3, 4]	"警车1"	
923	100.0	200	1	[1, 2, 3, 4, 5]	"救护车1"	
924	90.0	300	2	["a", "阿萨德"]	"消防车1"	
